70 296
71 328
73 361
76 394
87 424
108 448
135 468
163 485
192 492
221 487
249 471
274 452
295 430
309 402
317 372
323 342
329 310
86 282
107 269
133 265
159 267
183 276
227 279
250 273
276 274
299 281
316 296
203 299
202 320
200 341
199 362
168 371
183 377
197 382
212 379
226 375
115 296
134 293
150 295
164 303
148 301
132 300
237 309
254 302
269 303
286 308
270 310
254 310
136 406
160 401
182 398
196 403
212 401
232 407
253 413
230 431
208 439
192 440
177 437
156 427
144 408
181 405
195 408
210 407
243 414
209 426
193 427
179 425