50 104
52 120
53 136
56 151
63 164
73 175
87 181
101 186
116 187
130 184
140 177
150 168
156 157
160 143
161 130
161 116
161 102
62 93
71 84
83 81
96 82
107 86
123 87
133 83
143 81
152 84
158 92
115 95
116 104
117 114
117 123
102 131
109 133
116 134
122 132
128 130
77 100
84 97
91 96
98 100
91 101
84 102
126 100
133 96
140 96
146 99
140 101
133 100
90 150
102 148
110 147
116 148
123 146
130 146
138 148
130 152
124 154
117 155
111 155
102 154
94 151
110 151
116 152
123 150
134 148
123 149
117 150
111 150