60 153
61 172
64 191
68 210
74 229
86 247
100 263
117 275
138 278
159 272
178 260
194 245
207 228
213 208
214 187
215 166
214 146
66 136
72 126
84 123
98 123
110 127
139 124
154 118
168 117
183 118
194 127
128 143
128 155
128 167
128 179
114 192
122 194
130 196
139 193
147 190
82 150
90 146
99 146
109 150
99 152
90 152
151 148
160 142
169 141
178 144
170 147
161 148
98 216
110 210
122 207
132 208
142 206
158 208
173 212
160 229
145 237
134 238
124 238
110 230
103 217
123 214
132 214
142 213
169 213
144 226
133 228
123 227