34 160
37 179
40 199
46 218
53 237
63 255
77 268
95 276
118 275
143 269
165 258
184 244
199 226
206 204
207 181
206 158
204 136
35 143
41 131
53 124
68 121
83 122
107 116
124 108
142 105
159 108
173 117
97 135
96 144
96 154
95 165
87 187
94 187
101 187
109 184
117 182
54 153
61 148
71 145
82 146
73 150
63 153
124 138
133 132
144 131
154 134
145 137
135 138
79 223
87 215
95 209
103 209
110 206
125 207
145 209
129 216
116 221
108 224
100 225
90 225
83 222
97 216
104 215
112 213
139 210
114 212
106 214
98 215