70 132
66 147
62 161
60 177
61 191
66 206
72 220
81 233
94 241
111 243
128 238
144 232
159 222
170 210
177 195
183 179
188 163
77 122
85 118
95 119
103 123
111 130
133 135
145 134
157 136
168 142
175 150
117 144
113 154
110 165
106 175
93 176
99 181
105 186
113 184
121 183
85 136
92 133
100 136
105 143
97 142
90 140
135 152
144 148
152 150
159 156
151 157
142 155
79 188
88 187
97 189
104 193
113 193
125 196
136 202
122 214
108 216
100 215
91 211
83 203
83 190
96 194
103 197
112 198
132 201
110 208
102 207
94 203