66 116
66 130
67 143
68 155
72 167
79 176
86 184
94 192
103 195
113 194
123 188
135 182
144 175
151 165
156 153
160 140
163 126
73 116
80 111
89 111
98 113
106 118
118 119
127 116
137 115
147 118
153 124
111 131
110 140
109 148
108 157
98 159
102 161
107 162
112 162
117 161
82 127
87 125
94 126
99 132
93 132
86 131
124 134
130 130
136 130
142 133
137 136
130 136
88 167
96 168
103 168
106 170
111 169
117 170
124 170
116 178
109 180
105 181
101 180
95 176
91 168
102 171
106 172
110 172
121 171
110 175
106 175
102 174