65 101
67 114
70 127
74 139
81 150
92 158
106 162
119 165
131 166
139 162
146 155
152 147
156 138
158 127
159 117
160 108
158 98
85 89
94 85
102 85
111 86
120 89
137 89
142 86
147 84
153 83
157 86
130 98
132 104
134 111
136 117
123 124
128 125
133 126
137 125
140 123
96 99
101 95
108 95
113 100
108 101
101 101
135 99
140 93
145 93
150 96
146 98
141 99
107 137
118 134
126 132
131 133
135 131
140 132
143 135
140 139
136 141
132 142
127 142
118 141
111 137
127 137
131 136
136 136
140 136
136 136
132 137
127 137