78 224
81 250
86 276
92 302
102 325
122 344
146 358
171 368
199 369
225 359
248 344
269 326
285 304
291 278
290 249
288 221
285 194
84 196
95 183
112 177
129 177
146 181
189 175
206 165
224 159
244 160
260 170
171 200
174 217
177 234
180 251
158 268
169 270
182 272
194 267
205 262
106 213
117 204
132 202
146 211
133 214
118 216
199 203
212 191
226 188
239 194
229 200
214 203
132 297
151 291
170 286
185 287
199 282
218 280
240 282
223 303
205 315
190 319
174 320
154 314
140 298
171 296
186 295
200 292
233 285
202 302
188 306
173 307