57 116
56 130
56 143
56 156
60 168
66 179
74 188
84 196
96 200
109 199
123 194
135 186
144 175
150 162
153 149
157 135
159 121
66 104
74 101
84 101
92 104
100 107
114 109
124 106
134 105
144 106
151 111
107 118
106 128
105 138
104 149
94 151
98 154
103 156
109 155
114 153
75 116
82 113
89 114
94 120
87 120
80 119
120 122
126 117
133 117
139 121
133 124
126 123
82 166
89 165
97 164
102 166
108 165
115 167
123 169
114 175
106 178
100 179
94 177
88 173
85 167
96 170
102 171
107 171
119 169
107 170
101 171
95 169