58 203
59 229
62 255
66 280
75 304
90 324
107 342
123 360
143 366
166 362
188 347
212 332
235 314
250 291
258 264
262 237
266 208
68 195
82 190
98 192
113 196
128 201
173 202
190 197
207 194
225 194
241 200
148 220
147 237
145 255
143 273
124 279
134 283
144 287
156 285
167 282
86 215
98 210
112 211
122 220
110 221
97 220
181 222
193 213
206 213
219 218
207 224
194 224
102 295
119 298
135 300
144 304
155 302
172 303
191 301
171 320
153 327
142 328
132 325
117 315
108 298
134 305
144 308
155 307
185 303
154 315
143 316
133 314