45 275
61 307
79 337
97 365
121 389
154 405
190 415
231 419
265 409
290 389
304 359
312 329
315 296
313 263
308 231
299 200
285 170
55 230
65 208
86 195
111 190
136 193
189 171
204 152
223 141
244 136
263 143
174 210
185 230
195 250
206 269
180 295
196 295
214 294
226 282
235 271
91 249
103 235
120 230
140 235
125 242
108 248
209 207
218 190
235 182
251 184
242 194
226 201
160 347
180 325
202 312
221 308
236 298
257 291
277 294
272 326
258 347
240 358
221 364
193 363
167 344
206 325
225 320
241 311
270 299
249 329
232 339
213 345