62 100
61 115
60 129
61 144
64 159
71 171
82 180
94 189
109 193
123 193
137 188
148 180
156 170
162 158
166 146
170 133
172 121
81 91
90 85
102 85
114 88
123 94
136 97
145 94
155 94
163 98
168 106
128 102
127 108
127 114
126 121
112 130
117 132
122 135
127 135
132 135
92 99
99 97
105 99
110 103
104 102
98 101
140 108
146 106
152 107
156 111
151 111
145 110
90 147
103 146
113 146
119 148
124 149
132 152
139 158
129 162
121 162
115 161
108 160
99 156
93 148
112 149
118 151
124 152
136 157
122 158
116 157
110 156