23 194
30 222
37 249
46 276
61 300
82 319
108 334
137 344
167 343
193 332
212 312
226 288
236 260
240 233
239 204
235 177
231 150
41 182
52 165
72 155
95 154
116 159
141 151
159 139
179 133
200 133
216 145
132 169
135 186
137 203
141 221
116 232
130 236
146 239
159 232
171 224
67 185
78 179
90 176
104 177
93 179
81 183
159 166
170 160
181 157
194 157
184 160
172 163
97 263
117 258
135 255
147 255
159 251
176 248
196 244
182 264
168 274
154 278
141 279
121 277
104 263
136 260
149 260
161 256
190 247
164 264
151 268
138 270