67 182
66 203
64 224
65 247
71 270
82 289
99 307
119 321
143 327
172 324
203 317
232 305
254 287
265 264
269 236
270 209
272 179
69 170
79 158
96 155
114 157
132 163
150 163
170 152
194 148
219 150
239 163
139 174
136 190
133 206
130 222
113 231
124 236
136 239
151 236
166 232
87 179
98 175
109 175
121 180
109 180
98 180
173 178
186 172
199 171
212 174
199 177
186 177
98 257
113 255
127 254
139 257
152 254
173 255
200 257
175 271
154 276
140 276
127 275
113 270
104 258
127 258
139 260
152 258
194 257
153 268
140 268
127 267