85 130
85 149
86 167
88 186
96 202
110 216
127 226
145 233
164 236
182 234
195 226
206 215
214 202
219 187
222 172
224 157
225 141
109 115
120 105
136 102
151 105
165 111
185 115
196 111
208 112
218 116
224 126
175 127
176 137
178 148
179 159
157 167
165 171
175 175
183 173
189 170
126 125
135 122
143 123
151 129
142 128
134 127
189 134
198 130
206 131
212 136
205 136
197 135
133 188
150 185
164 185
172 187
180 186
188 189
197 193
186 200
177 203
169 203
161 201
147 197
136 188
163 189
172 191
179 191
193 193
178 197
170 197
162 196