96 188
93 213
91 238
92 264
98 288
111 308
130 321
152 333
179 341
207 342
232 338
253 327
269 310
278 289
284 265
288 241
290 219
120 157
135 146
154 142
174 145
190 156
227 162
244 157
262 159
278 166
287 182
207 182
206 194
205 206
203 218
176 233
187 238
199 243
211 242
223 241
139 178
152 174
164 176
175 185
162 183
150 181
232 194
245 189
256 191
265 199
255 198
244 196
146 266
166 259
184 257
196 262
209 261
225 269
240 282
222 294
204 296
190 295
177 291
161 284
151 267
183 264
195 268
207 269
235 280
206 287
193 285
180 282