68 201
67 226
69 251
71 277
79 301
94 321
114 337
135 349
161 355
186 352
210 341
230 326
245 308
254 286
260 262
263 239
265 213
81 178
94 162
115 156
136 159
156 167
192 170
210 164
230 164
249 171
260 187
172 192
171 211
170 229
169 247
143 254
154 260
168 264
181 261
193 258
103 191
115 184
127 185
140 194
127 194
114 194
201 198
214 190
227 191
238 199
226 201
213 200
119 283
136 280
154 279
167 282
179 280
195 284
211 289
194 303
177 308
164 308
150 306
134 300
124 284
153 284
166 287
178 286
205 289
178 298
165 299
152 297