699 574
703 617
709 662
718 706
737 749
768 787
804 825
846 858
894 867
941 854
980 817
1013 773
1041 729
1055 682
1057 634
1054 587
1050 540
722 560
736 528
767 515
799 521
830 534
896 529
925 509
957 499
991 506
1014 530
868 563
871 596
873 628
875 661
841 676
859 682
879 689
897 678
914 669
761 577
779 567
801 566
822 576
800 582
779 583
916 567
935 553
957 549
976 556
960 565
939 567
793 718
828 716
858 714
882 715
907 710
938 704
973 699
944 741
915 761
888 767
862 767
830 753
805 721
859 722
884 723
909 717
962 705
912 741
886 747
861 747