458 845
464 921
475 996
487 1069
512 1141
550 1208
596 1272
652 1330
729 1348
812 1333
889 1282
961 1221
1019 1153
1054 1077
1066 991
1072 907
1075 821
496 810
525 779
569 768
615 773
662 790
783 776
837 753
891 743
945 753
988 782
726 846
725 903
722 960
719 1019
664 1035
692 1050
724 1064
759 1050
792 1037
557 852
585 836
622 835
655 856
620 861
585 862
816 848
850 824
887 821
921 837
890 849
854 850
610 1110
646 1109
687 1109
723 1117
762 1110
811 1111
864 1110
813 1171
763 1196
721 1200
681 1195
642 1168
626 1119
687 1122
724 1127
763 1124
845 1120
762 1159
722 1165
684 1158