748 528
748 570
751 613
755 657
769 699
795 733
832 759
872 781
920 790
970 787
1013 768
1052 743
1082 707
1099 664
1105 619
1110 574
1112 530
777 502
794 471
826 453
863 451
897 461
959 460
994 448
1032 451
1066 470
1084 502
927 498
927 523
926 549
926 575
886 594
905 599
926 605
947 599
967 594
820 509
839 500
860 499
880 511
859 513
838 513
974 512
995 499
1016 499
1035 510
1017 514
996 513
844 649
871 632
901 628
925 632
949 628
979 633
1007 650
980 677
950 689
924 691
899 688
870 675
855 650
900 640
925 643
949 641
997 651
949 667
925 669
900 666