600 644
603 736
612 824
624 910
655 989
703 1055
758 1116
820 1168
891 1186
962 1172
1022 1123
1078 1068
1129 1004
1160 931
1179 849
1192 764
1200 680
663 641
702 604
762 605
819 623
875 650
971 655
1026 635
1080 623
1134 630
1161 676
921 710
920 765
919 821
918 877
842 895
878 905
915 918
951 907
986 898
731 697
765 685
803 688
838 713
800 717
760 714
988 722
1022 702
1060 703
1091 719
1062 733
1023 732
778 966
825 965
872 964
909 975
945 967
987 971
1023 980
983 1018
943 1032
905 1036
865 1031
820 1010
796 972
870 987
908 992
945 989
1005 984
943 991
907 996
869 990