1019 380
1018 432
1016 484
1020 536
1038 586
1066 627
1103 662
1144 691
1195 702
1247 695
1287 668
1320 632
1347 591
1365 547
1374 498
1378 451
1381 405
1061 363
1085 335
1122 328
1158 338
1193 353
1248 354
1281 343
1315 339
1348 350
1363 381
1220 384
1220 412
1220 440
1219 470
1167 482
1190 489
1214 498
1237 492
1257 486
1101 386
1121 376
1143 377
1165 393
1142 393
1119 392
1262 400
1284 387
1306 388
1324 400
1306 404
1284 403
1113 537
1147 526
1183 525
1208 531
1233 528
1263 533
1290 547
1261 592
1229 611
1202 613
1174 609
1139 586
1122 539
1181 536
1208 541
1232 540
1280 548
1230 583
1204 586
1177 581