649 783
657 867
667 951
677 1034
704 1111
752 1178
812 1234
881 1279
958 1287
1033 1271
1094 1219
1147 1158
1192 1092
1217 1018
1227 941
1235 863
1241 783
691 764
727 720
785 708
843 723
900 748
988 744
1043 718
1101 700
1160 712
1195 756
946 787
947 837
947 887
948 940
888 973
918 977
949 986
977 973
1006 962
762 798
791 784
827 785
859 802
823 807
790 807
1024 797
1055 777
1090 776
1122 789
1092 797
1058 798
810 1059
858 1046
910 1038
950 1043
988 1032
1038 1030
1085 1035
1046 1095
999 1126
958 1134
915 1133
861 1113
826 1063
911 1058
951 1058
990 1050
1068 1043
996 1089
956 1100
914 1098