590 720
603 813
617 902
628 990
659 1073
717 1144
789 1202
868 1250
960 1257
1051 1236
1124 1181
1190 1117
1241 1046
1265 961
1270 871
1275 783
1281 690
629 677
663 617
732 599
800 607
871 624
985 619
1053 589
1121 575
1192 586
1235 642
933 679
935 735
937 792
940 851
868 882
905 891
943 902
981 887
1016 874
716 709
754 686
796 684
839 703
797 709
754 713
1021 690
1064 665
1108 664
1146 681
1109 688
1066 689
780 980
835 960
895 954
945 960
996 951
1056 950
1111 961
1062 1041
1002 1078
948 1087
895 1083
834 1055
799 985
895 978
946 980
997 973
1091 972
999 1032
946 1041
895 1037