700 644
698 721
698 798
704 874
725 944
760 1009
804 1067
856 1121
929 1141
1008 1133
1073 1092
1134 1041
1186 984
1219 913
1237 840
1253 760
1263 684
729 627
762 591
817 586
871 598
923 625
1008 629
1070 616
1130 611
1188 627
1220 674
964 682
960 724
956 768
951 813
890 839
920 848
952 860
984 852
1016 846
795 675
824 666
860 668
892 690
855 693
820 689
1040 702
1073 685
1110 687
1143 704
1110 713
1073 710
820 910
866 907
912 907
949 916
985 911
1032 914
1079 927
1031 984
980 1003
942 1003
903 996
858 970
837 915
909 922
948 929
983 927
1062 930
982 958
946 961
907 952