1078 501
1075 545
1074 590
1075 638
1086 685
1108 727
1138 763
1172 796
1215 808
1265 805
1309 781
1349 752
1380 716
1400 674
1411 629
1419 583
1425 538
1108 484
1128 461
1159 455
1190 458
1222 470
1271 478
1306 468
1341 472
1374 486
1392 513
1244 503
1240 528
1236 554
1232 582
1197 595
1213 605
1231 614
1250 610
1269 605
1145 499
1163 490
1185 492
1202 506
1181 508
1161 506
1291 516
1310 505
1331 509
1348 522
1330 525
1310 522
1152 644
1177 637
1204 635
1226 641
1249 640
1279 649
1308 664
1277 696
1246 706
1221 704
1197 698
1172 679
1162 648
1203 648
1225 653
1248 653
1297 666
1248 681
1224 681
1201 674