845 539
845 586
846 633
852 680
872 723
907 755
947 782
988 805
1034 814
1081 806
1121 782
1160 753
1192 717
1208 673
1210 624
1209 578
1208 531
887 497
907 474
937 467
967 473
1000 481
1048 479
1082 470
1115 464
1148 472
1170 497
1025 517
1026 547
1026 576
1027 606
990 625
1009 631
1029 637
1048 631
1067 624
923 523
942 511
964 511
985 527
963 531
941 530
1068 527
1088 511
1111 510
1131 522
1113 529
1090 530
950 675
980 662
1009 657
1032 661
1054 657
1085 661
1115 672
1087 701
1058 713
1034 715
1009 712
979 699
962 676
1010 668
1033 669
1055 668
1104 675
1056 693
1033 695
1009 693