805 447
804 490
806 535
816 579
835 622
864 658
896 690
931 718
976 726
1027 717
1068 692
1107 661
1138 626
1158 584
1166 537
1168 489
1168 442
819 410
841 389
872 385
904 390
936 401
989 400
1029 391
1066 386
1103 392
1131 415
966 430
965 455
964 479
964 506
921 523
943 528
966 534
990 527
1013 522
858 434
878 424
900 424
919 437
899 439
877 439
1021 437
1042 425
1064 426
1084 436
1065 441
1043 440
886 578
912 565
944 563
967 567
995 564
1031 567
1063 578
1032 612
997 627
968 629
943 627
913 612
897 580
944 575
968 578
995 575
1053 579
996 603
968 606
944 601