456 719
482 792
513 864
544 932
587 993
651 1038
722 1072
797 1090
869 1076
929 1040
972 979
1008 916
1028 847
1027 774
1013 703
994 635
971 571
489 670
519 630
568 611
621 606
676 611
755 590
792 561
834 541
881 530
924 548
733 645
750 691
767 736
786 783
728 827
762 824
796 822
819 806
842 792
568 686
593 670
623 661
657 667
630 679
599 687
799 629
821 608
849 598
880 598
859 611
831 621
681 916
724 890
769 870
804 867
834 851
875 843
918 836
896 889
864 926
830 942
793 950
741 944
698 914
775 885
810 878
840 864
905 846
851 899
819 914
783 922