856 679
853 712
856 746
863 781
875 817
893 850
913 881
936 908
971 917
1010 912
1049 892
1086 864
1118 831
1139 792
1147 748
1151 704
1153 660
854 654
866 636
887 631
910 632
932 639
977 631
1006 619
1037 617
1068 623
1095 639
954 665
952 690
949 715
947 741
930 755
943 761
958 764
975 758
993 751
880 670
896 660
918 659
936 674
916 678
895 679
1002 668
1019 653
1041 650
1060 660
1044 670
1022 671
913 795
928 786
949 781
966 784
985 779
1016 779
1046 787
1020 816
991 833
970 836
952 835
931 822
921 797
950 793
967 793
986 790
1039 790
989 815
969 818
951 816