685 702
683 787
688 871
695 952
721 1028
764 1095
815 1152
867 1204
937 1224
1013 1217
1084 1173
1158 1127
1221 1069
1266 997
1290 918
1303 836
1314 751
734 679
770 647
821 639
871 652
920 675
1040 685
1092 671
1146 669
1197 682
1232 716
976 733
971 783
966 833
959 887
896 906
926 919
957 934
989 924
1022 915
794 725
826 709
865 712
898 738
861 744
823 742
1057 750
1091 728
1132 730
1164 751
1130 764
1091 762
821 982
865 971
912 971
951 980
990 974
1040 980
1090 995
1039 1048
987 1069
945 1071
905 1063
860 1037
835 987
911 985
949 992
988 990
1075 998
988 1034
948 1037
909 1029