579 650
583 728
591 807
603 886
627 961
671 1029
729 1088
794 1138
871 1152
950 1141
1014 1094
1064 1036
1104 970
1128 897
1138 823
1146 749
1149 676
624 642
655 597
713 582
771 587
830 602
916 605
974 593
1030 593
1081 616
1106 662
868 661
866 706
865 752
863 799
807 825
833 835
862 845
891 837
919 829
698 664
726 648
760 650
790 675
757 677
723 675
941 679
970 659
1004 660
1033 677
1004 685
971 684
736 907
780 898
823 898
859 906
895 900
939 903
982 918
943 964
898 979
860 981
822 975
779 952
748 910
822 909
859 915
896 912
968 920
898 948
860 951
822 945