818 523
824 589
836 654
855 716
889 769
933 812
982 850
1033 880
1089 882
1136 864
1164 816
1186 765
1208 715
1223 662
1230 606
1229 550
1221 497
882 508
908 476
950 461
993 465
1038 476
1104 476
1133 454
1167 440
1201 443
1218 471
1074 523
1081 563
1088 602
1094 641
1031 658
1060 663
1091 671
1117 659
1139 646
933 535
958 523
984 521
1010 533
984 537
958 538
1116 522
1137 504
1161 499
1184 507
1166 516
1141 519
976 717
1015 705
1057 698
1088 702
1114 694
1145 693
1170 699
1150 754
1122 787
1092 795
1060 793
1016 768
987 720
1058 717
1089 719
1116 713
1160 706
1119 753
1091 761
1059 758