777 592
785 644
796 697
813 748
841 794
881 832
928 863
978 888
1028 891
1073 874
1106 836
1131 792
1151 746
1159 697
1159 645
1157 595
1153 547
827 574
848 551
880 541
913 543
948 550
1006 543
1036 526
1067 513
1099 512
1123 532
983 580
989 613
995 646
1001 681
961 697
982 702
1003 708
1021 698
1036 689
874 592
891 577
915 575
936 588
915 595
892 597
1025 576
1042 557
1066 553
1087 562
1070 573
1047 577
923 748
950 733
979 728
1004 730
1025 724
1052 722
1078 729
1060 767
1037 786
1014 792
987 791
954 777
933 748
981 740
1006 740
1027 735
1068 732
1031 763
1010 770
984 769