540 901
552 978
575 1057
612 1140
655 1221
702 1297
749 1377
802 1448
889 1466
985 1447
1079 1390
1166 1316
1243 1227
1289 1119
1298 998
1289 875
1275 755
522 827
531 785
568 774
612 778
659 792
796 753
863 708
936 681
1012 683
1078 721
741 847
743 915
745 984
746 1054
716 1092
747 1103
785 1107
823 1090
861 1072
589 883
612 862
653 852
696 865
658 884
620 892
877 832
909 803
953 795
1000 803
963 824
920 833
723 1205
743 1185
775 1172
810 1174
848 1162
919 1157
1000 1158
942 1229
880 1267
835 1278
797 1278
760 1256
741 1208
781 1195
816 1193
856 1184
980 1168
866 1224
825 1234
789 1232