33 164
36 185
41 206
47 226
59 245
73 261
89 276
106 289
126 290
145 282
164 265
180 245
193 222
199 198
201 173
202 148
200 123
32 144
38 131
51 125
66 124
81 128
107 120
124 109
143 102
163 103
178 113
97 145
98 163
98 180
99 198
87 206
95 208
105 210
115 203
125 197
49 158
58 151
69 149
81 155
70 159
58 161
127 144
137 134
148 130
159 133
151 140
139 143
76 228
86 223
98 221
110 221
122 216
138 213
157 211
144 236
130 250
116 255
104 255
90 247
81 229
100 227
111 226
124 222
152 214
126 238
114 243
102 243