61 138
61 158
64 178
66 199
72 218
82 236
95 252
110 267
129 273
148 269
166 257
182 242
195 225
203 205
207 184
211 163
213 140
69 128
78 119
92 117
106 119
119 126
142 127
156 120
172 118
188 120
200 131
130 141
129 156
128 171
127 187
112 191
119 195
128 199
137 195
147 192
84 141
93 136
103 137
112 146
101 146
91 145
153 147
163 140
173 139
183 144
174 148
163 148
95 206
106 206
119 207
129 209
139 207
153 207
167 208
154 227
140 237
129 238
118 236
106 225
99 209
118 211
129 213
139 212
164 210
139 226
129 228
118 225