138 151
140 171
142 190
146 209
153 227
165 242
177 256
192 268
207 272
222 269
236 257
249 243
258 229
264 213
268 196
270 178
272 160
149 142
159 134
173 134
187 136
199 142
221 142
233 137
245 135
258 138
266 147
210 157
209 171
209 185
208 199
192 201
200 204
208 207
216 205
223 202
165 156
173 152
182 153
190 160
181 161
172 160
227 162
235 156
244 155
252 159
245 162
236 163
175 214
187 214
199 215
207 217
216 215
227 215
238 216
227 234
216 241
207 242
197 241
186 232
178 216
199 218
207 220
216 219
235 218
216 232
207 234
198 232