4 186
11 210
20 233
31 256
45 276
65 292
86 308
107 324
132 324
156 314
174 292
190 269
204 244
209 218
206 190
202 164
198 138
9 169
18 158
33 153
49 149
68 148
109 140
125 133
142 129
159 129
174 135
92 162
95 178
98 194
101 210
85 223
95 224
106 225
116 219
126 214
35 178
44 172
56 170
67 171
58 176
46 178
122 158
131 152
142 149
153 149
145 154
134 157
68 252
81 248
97 244
111 244
125 239
144 235
164 230
151 256
135 269
119 274
105 275
86 271
74 253
99 249
113 248
127 244
158 234
131 259
116 263
102 264