46 159
45 180
44 201
45 223
51 245
67 262
87 277
109 289
132 295
156 295
177 285
194 272
209 258
218 240
223 221
225 202
225 184
72 144
84 132
102 129
120 130
136 138
163 142
179 138
195 141
209 148
217 160
149 156
148 166
148 175
147 186
123 199
133 203
144 207
154 206
163 204
94 153
104 151
113 152
123 157
112 156
103 155
167 163
178 160
187 162
196 167
186 167
177 165
94 224
113 222
130 221
141 224
151 223
164 228
177 235
162 243
148 244
137 243
125 241
110 237
99 226
129 228
140 230
150 230
171 234
149 235
139 234
127 233