57 177
59 196
63 217
68 237
77 257
92 273
111 286
132 296
155 297
176 291
193 279
208 264
219 248
224 229
224 208
224 188
223 168
72 156
80 143
94 136
110 134
125 137
157 134
171 128
186 129
200 134
208 146
142 155
143 165
145 175
146 186
131 204
139 204
148 205
156 202
163 200
92 168
100 162
110 161
120 165
111 167
101 169
163 160
172 153
181 153
190 158
182 160
172 160
113 234
127 227
140 222
149 222
158 220
172 222
187 226
175 240
162 246
152 248
142 249
129 247
118 235
140 228
150 228
159 226
182 228
160 237
151 239
141 240